0.01 0
0.011498 0
0.013219 0
0.015199 0.000001
0.017475 0.000004
0.020092 0.000024
0.023101 0.000105
0.026561 0.000369
0.030539 0.001092
0.035112 0.002804
0.04037 0.006831
0.046416 0.014917
0.053367 0.0294
0.061359 0.053058
0.070548 0.08881
0.081113 0.139423
0.09326 0.20728
0.107227 0.294204
0.123285 0.401309
0.141747 0.528825
0.162975 0.675927
0.187382 0.834724
0.215443 1.01316
0.247708 1.203007
0.284804 1.400972
0.327455 1.60422
0.376494 1.811569
0.432876 2.022311
0.497702 2.234948
0.572237 2.447252
0.657933 2.654336
0.756463 2.847278
0.869749 3.004571
1 3.15289
1.149757 3.260257
1.321941 3.30719
1.519911 3.273986
1.747528 3.178389
2.009233 2.955659
2.31013 2.581232
2.656088 2.261148
3.053856 1.953012
3.511192 1.710664
4.037017 1.44699
4.641589 1.050642
5.336699 0.548904
6.135907 0.076061
7.054802 0
8.111308 0
9.326033 0
10.722672 0
12.328467 0
14.174742 0
16.297508 0
18.738174 0
21.544347 0
24.770764 0
28.480359 0
32.745492 0
37.649358 0
43.287613 0
49.770236 0
57.223677 0
65.793322 0
75.646333 0
86.9749 0
100 30.965279
114.9757 71.538703
132.194115 110.491547
151.991108 145.900999
174.75284 175.823291
200.9233 198.410555
231.01297 212.031142
265.608778 215.382389
305.385551 207.584506
351.119173 188.245151
403.701726 157.486533
464.158883 115.930714
533.669923 64.644068
613.590727 5.047582
705.480231 0
811.130831 0
932.603347 0
1072.267222 0
1232.846739 0
1417.474163 0
1629.750835 0
1873.817423 0
2154.43469 0
2477.076356 0
2848.035868 0
3274.549163 0
3764.935807 0
4328.761281 0
4977.023564 0
5722.367659 0
6579.332247 0
7564.633276 0
8697.490026 0
10000 0
